geneid	P1vsN1	P2vsN2	P3vsN3
WBGene00006974	1.80334975	0.481463038	0.404808231
WBGene00220029	1.80334975	0.481463038	0.404808231
WBGene00045167	1.34267762	1.09E-05	0.178596328
WBGene00021863	1.2209187	-7.99E-07	0.089609038
WBGene00006763	1.432719977	1.44E-05	0.203172096
WBGene00022601	1.150868436	2.80E-06	0.007731752
WBGene00022603	1.150868436	2.80E-06	0.007731752
WBGene00045375	1.31884994	1.22E-05	0.361066022
WBGene00219425	1.158312847	3.31E-06	0.075354394
WBGene00015386	1.364899843	-7.18E-07	0.066574616
WBGene00003002	1.364899843	-7.18E-07	0.066574616
WBGene00013530	1.404736745	9.21E-06	0.243828327
WBGene00018259	0.694010846	3.32E-06	-0.064673418
WBGene00015477	0.867545172	4.50E-06	0.046127667
WBGene00021458	0.906802096	6.76E-06	-0.226880449
WBGene00010163	0.938737742	5.59E-06	0.151057017
WBGene00014577	1.000574619	1.23E-05	-0.052027179
WBGene00021877	0.756915139	3.73E-06	0.018153591
WBGene00219424	0.756915139	3.73E-06	0.018153591
WBGene00023483	1.188801275	7.74E-06	-0.125301431
WBGene00004509	1.025891803	2.05E-06	0.185264648
WBGene00014378	0.927973787	1.43E-05	0.312327247
WBGene00006698	1.49842498	0.79196428	0.070207648
WBGene00003387	1.055158529	2.96E-06	0.010306053
WBGene00043067	0.911938818	3.41E-06	0.019553868
WBGene00005903	1.258729291	8.01E-06	-0.040233154
WBGene00003829	1.600264507	3.01E-06	-0.008070864
WBGene00009951	1.600264507	3.01E-06	-0.008070864
WBGene00012977	1.012247647	4.25E-06	0.024566837
WBGene00012268	0.96914982	9.34E-06	0.037465889
WBGene00006405	0.960606232	-2.90E-06	-0.050054674
WBGene00006698	0.960606232	-2.90E-06	-0.050054674
WBGene00001393	0.78130119	1.92E-06	-0.11508052
WBGene00012328	1.31330796	3.09E-06	0.034342176
WBGene00014405	0.970143254	4.66E-06	0.07729981
WBGene00009923	0.840356994	3.56E-06	-0.017271607
WBGene00004063	1.104056944	3.86E-06	0.09269275
WBGene00021689	1.247650842	3.39E-06	0.046284709
WBGene00011826	0.718231945	-1.43E-05	-0.043366984
WBGene00009951	0.968247525	-6.95E-06	0.018176655
WBGene00000802	1.036378759	-2.39E-06	-0.092998109
WBGene00015635	0.888172818	1.97E-07	-0.015617611
WBGene00045416	1.262079614	4.58E-06	-0.006910915
WBGene00010176	0.86309547	7.64E-06	-0.057296646
WBGene00235300	0.973707809	4.38E-06	-0.033892922
WBGene00012522	0.964550815	-5.55E-07	0.042121548
WBGene00011833	1.054311438	4.21E-06	-0.094774091
WBGene00003644	0.770492246	5.09E-06	-0.014001517
WBGene00018998	0.82848941	2.15E-06	-0.011171135
WBGene00014000	0.945926402	-3.16E-06	-0.080497111
WBGene00013876	0.703208629	-3.13E-06	0.052415228
WBGene00013580	1.014793422	-3.99E-07	0.158450302
WBGene00235247	0.794430592	1.05E-05	0.38189173
WBGene00000102	0.684831924	0.374051043	-0.007809585
WBGene00004405	0.684831924	0.374051043	-0.007809585
WBGene00000797	0.802631935	-1.91E-07	-0.004822135
WBGene00019858	0.894848117	5.58E-06	0.186685391
WBGene00000460	0.603473159	1.38E-06	0.134827964
WBGene00022361	0.81622204	3.08E-06	0.069019487
WBGene00010731	0.673925591	-1.07E-05	-0.038823429
WBGene00045089	0.636486389	5.71E-06	-0.008467744
WBGene00020929	0.727226316	1.53E-05	0.008972417
WBGene00045170	0.59971027	6.77E-06	0.037744611
WBGene00001077	0.809730682	-2.64E-06	0.049102091
WBGene00014941	0.668564844	-1.84E-06	-0.050573798
WBGene00001393	0.668564844	-1.84E-06	-0.050573798
WBGene00019055	0.959922184	-2.06E-06	-0.087228024
WBGene00019060	0.959922184	-2.06E-06	-0.087228024
WBGene00007089	0.689000398	1.10E-05	-0.004634165
WBGene00015811	0.789002696	1.12E-06	-0.033165587
WBGene00021556	0.73639666	-4.56E-06	-0.119315352
WBGene00003002	0.98998699	3.52E-06	0.043961676
WBGene00015386	0.98998699	3.52E-06	0.043961676
WBGene00007089	0.749157622	4.38E-06	0.018360718
WBGene00045416	1.145272938	-2.91E-06	0.007399768
WBGene00007724	1.080787024	6.07E-06	0.028635975
WBGene00021671	0.608161474	6.87E-06	0.059718324
WBGene00013718	0.495387432	-1.65E-06	-0.097616811
WBGene00008594	0.433245566	-9.15E-07	0.101205266
WBGene00023515	0.433245566	-9.15E-07	0.101205266
WBGene00014941	0.762190383	5.26E-07	-0.086958551
WBGene00012867	0.868890506	-6.84E-06	0.012218175
WBGene00003368	0.565486873	-2.83E-06	-0.017505208
WBGene00001394	0.744219495	5.44E-06	-0.043084516
WBGene00019521	0.611492573	-1.69E-06	0.083050811
WBGene00013340	0.714773264	-1.13E-06	-0.061086985
WBGene00012943	0.630814769	-3.77E-06	-0.224250174
WBGene00004360	0.646511868	-1.06E-06	0.002559445
WBGene00002393	0.691001548	8.91E-07	-0.050088794
WBGene00021475	0.709797579	-5.14E-07	-0.044850189
WBGene00021466	0.709797579	-5.14E-07	-0.044850189
WBGene00018734	0.631663721	-6.38E-06	-0.025281966
WBGene00019590	0.849640208	-6.77E-06	-0.013406483
WBGene00016156	0.770723996	4.41E-06	-0.049832222
WBGene00220172	0.576833254	-3.94E-06	-0.026886955
WBGene00003602	0.547383402	-3.45E-06	0.137540512
WBGene00021260	0.596971637	4.58E-06	-0.043732571
WBGene00023172	0.620491153	1.28E-05	0.05028151
WBGene00018997	0.744932465	4.74E-06	-0.059039993
WBGene00003002	0.456310286	-5.73E-06	-0.040285056
WBGene00015386	0.456310286	-5.73E-06	-0.040285056
WBGene00012531	0.808076763	8.72E-06	0.009919941
WBGene00016655	0.631624744	2.38E-07	-0.035972481
WBGene00021979	0.624706166	3.39E-06	0.058279199
WBGene00194815	0.701832102	3.42E-06	-0.605984722
WBGene00235164	0.660968955	-4.72E-06	0.037361584
WBGene00001397	0.829656172	7.31E-06	0.080797882
WBGene00044141	0.860309633	-6.87E-07	0.044856065
WBGene00003735	0.560872646	3.76E-07	-0.009577297
WBGene00010851	0.989460257	8.13E-06	-0.042469284
WBGene00012531	0.717693376	1.07E-05	0.013855634
WBGene00018998	0.661117442	2.60E-06	-0.113213178
WBGene00003916	0.42408793	-7.13E-06	0.014789882
WBGene00008578	0.502149468	-5.84E-06	-0.023765362
WBGene00004809	0.634665029	1.48E-06	-0.061708896
WBGene00004405	0.755082905	2.84E-06	-0.061740862
WBGene00004167	0.475048698	-1.36E-05	0.0142843
WBGene00044051	0.475048698	-1.36E-05	0.0142843
WBGene00014589	0.701179899	3.16E-06	-0.004968878
WBGene00014312	0.480252334	1.39E-05	0.027709948
WBGene00008579	0.480252334	1.39E-05	0.027709948
WBGene00013094	0.480252334	1.39E-05	0.027709948
WBGene00003916	0.473471476	-6.39E-06	0.005803278
WBGene00021936	0.624117661	3.58E-07	0.051548702
WBGene00195212	0.752876643	5.09E-08	-0.142451388
WBGene00007048	0.475403672	-9.45E-06	-0.074068838
WBGene00004482	0.475403672	-9.45E-06	-0.074068838
WBGene00004183	0.629378868	7.88E-06	0.06583961
WBGene00023036	0.740911049	9.39E-06	0.010320577
WBGene00013737	0.464744735	-6.79E-06	0.031029542
WBGene00001397	0.657087246	5.54E-06	0.047428572
WBGene00020978	0.514894105	1.75E-06	-0.034191438
WBGene00003258	0.661023559	-3.92E-06	-0.041445443
WBGene00021834	0.661023559	-3.92E-06	-0.041445443
WBGene00004496	0.742468198	-1.89E-06	-0.025860225
WBGene00015746	0.506166284	-4.61E-07	-0.071563784
WBGene00009842	0.679674813	-1.80E-06	-0.017222594
WBGene00013034	0.4524267	-8.74E-06	0.015751728
WBGene00000863	0.430798847	8.78E-06	0.051918473
WBGene00004681	0.690015718	1.13E-06	-0.010891971
WBGene00022037	0.565301305	-2.07E-06	-0.048044334
WBGene00006372	0.605865992	3.51E-06	0.004146401
WBGene00013453	0.475735458	-5.32E-06	0.019643496
WBGene00013136	0.662661719	6.35E-06	-0.063050291
WBGene00001240	0.585445697	2.24E-06	-0.057730074
WBGene00018482	0.449791019	-1.39E-05	-0.002976939
WBGene00022039	0.695090695	7.56E-06	0.004424403
WBGene00022048	0.486993159	1.53E-05	0.149448281
WBGene00011414	0.948309398	2.63E-06	0.103126664
WBGene00012975	0.613848302	7.84E-07	0.038845179
WBGene00020445	0.840099571	4.41E-06	0.099448994
WBGene00001239	0.572657029	6.81E-06	-0.086056917
WBGene00018446	0.627411716	-1.30E-06	0.094820441
WBGene00004128	0.774736617	1.55E-06	0.012803314
WBGene00000143	0.554080201	5.03E-07	-0.076344329
WBGene00000939	0.554080201	5.03E-07	-0.076344329
WBGene00004483	0.472123479	1.13E-05	-0.252775354
WBGene00015295	0.506522624	9.24E-06	0.138496274
WBGene00012896	0.848600102	-2.97E-06	0.041726033
WBGene00019017	0.60989964	-6.54E-06	0.005951086
WBGene00001259	0.557823456	-1.80E-06	-0.01524243
WBGene00006788	0.647664042	-6.77E-06	0.012563007
WBGene00012961	0.945232148	2.42E-06	0.022736363
WBGene00013160	0.476597899	-6.12E-06	-0.128813948
WBGene00045141	0.476597899	-6.12E-06	-0.128813948
WBGene00004456	0.591824743	8.36E-08	-0.124804497
WBGene00012978	0.591824743	8.36E-08	-0.124804497
WBGene00021500	1.115837907	-5.38E-06	0.000628149
WBGene00011967	0.601188182	-4.05E-06	-0.057900075
WBGene00004752	0.601188182	-4.05E-06	-0.057900075
WBGene00000020	0.489276709	8.60E-06	-0.147628163
WBGene00000777	0.495393959	3.69E-06	0.059183827
WBGene00021552	1.008433886	-7.89E-07	-0.026864802
WBGene00044268	0.609952656	-2.04E-06	0.062392191
WBGene00004965	0.689082558	7.09E-06	0.510232435
WBGene00006342	0.439772286	-7.22E-07	-0.07299482
WBGene00235132	0.396577962	-2.09E-06	-0.085562309
WBGene00002335	0.396577962	-2.09E-06	-0.085562309
WBGene00005002	0.768260328	4.54E-07	0.002003596
WBGene00016653	0.625213962	-3.39E-06	0.020995728
WBGene00012585	0.533604651	7.66E-06	-0.017308208
WBGene00012584	0.533604651	7.66E-06	-0.017308208
WBGene00003044	0.698277196	-5.30E-06	0.023189233
WBGene00016424	0.721198057	4.02E-07	-0.090681947
WBGene00016427	0.721198057	4.02E-07	-0.090681947
WBGene00017724	0.583935965	1.46E-06	0.100351299
WBGene00023068	0.448569296	4.99E-06	-0.028304354
WBGene00003989	0.450502751	-1.26E-05	0.067078497
WBGene00009957	0.719300762	6.14E-06	0.019533243
WBGene00001582	0.395071426	-1.15E-05	-0.045022505
WBGene00004183	0.579096608	8.20E-06	0.365964752
WBGene00001743	0.419520706	-4.76E-06	-0.018655247
WBGene00019458	0.419520706	-4.76E-06	-0.018655247
WBGene00010296	0.607558311	1.13E-05	-0.034155711
WBGene00012328	0.654420052	9.31E-06	-0.008123247
WBGene00015210	0.492095481	-2.88E-07	-0.02366914
WBGene00015216	0.492095481	-2.88E-07	-0.02366914
WBGene00021260	0.667230355	1.52E-06	-0.010436029
WBGene00002222	0.524327431	3.59E-07	-0.072503903
WBGene00008680	0.597474065	9.49E-06	0.064563232
WBGene00014322	0.597474065	9.49E-06	0.064563232
WBGene00018894	0.613677245	1.66E-06	0.029682694
WBGene00006342	0.425861679	-9.09E-06	-0.033238512
WBGene00000478	0.659272421	-2.44E-06	0.089637208
WBGene00020486	0.390345592	-4.18E-07	0.009850475
WBGene00015782	0.390345592	-4.18E-07	0.009850475
WBGene00010263	0.810845726	-1.69E-06	-0.015137213
WBGene00010264	0.810845726	-1.69E-06	-0.015137213
WBGene00016611	0.483546133	6.30E-06	-0.08514697
WBGene00016612	0.483546133	6.30E-06	-0.08514697
WBGene00001394	0.526974925	1.55E-06	-0.049581367
WBGene00007287	0.484878869	-4.42E-06	-0.001157297
WBGene00001946	0.408545318	-4.80E-06	0.040915756
WBGene00004486	0.381550417	-3.65E-07	-0.01804855
WBGene00003277	0.462192713	6.84E-06	0.618880838
WBGene00013323	0.558213923	5.25E-06	0.016039533
WBGene00016562	0.450024256	2.39E-06	0.016309423
WBGene00008639	0.472649005	1.11E-05	-0.123453137
WBGene00021820	0.425249019	1.10E-05	0.007331184
WBGene00017003	0.46116698	2.02E-06	-0.049141286
WBGene00004479	0.46116698	2.02E-06	-0.049141286
WBGene00003619	0.425686114	-2.42E-07	0.003608625
WBGene00022377	0.543380534	5.42E-06	0.037558256
WBGene00015295	0.380264175	-4.68E-07	0.120217832
WBGene00220205	0.741902859	6.00E-06	0.047184648
WBGene00009323	0.480816981	1.13E-05	-0.029812011
WBGene00006875	0.591395831	1.52E-06	0.031033963
WBGene00002957	0.614406476	-5.04E-06	-0.040387093
WBGene00021864	0.556898344	0.521910223	-0.004730199
WBGene00006951	0.372682286	4.39E-06	-0.013473331
WBGene00009431	0.567154653	3.18E-06	-0.289743817
WBGene00008224	0.476779035	7.22E-06	-0.092285608
WBGene00014640	0.480237493	1.74E-06	0.361180638
WBGene00000802	0.355265647	-3.26E-05	-0.32736351
WBGene00004795	0.611377904	8.33E-06	0.065980575
WBGene00021464	0.665961362	6.69E-08	-0.050583481
WBGene00014870	0.65545096	-1.69E-08	0.021692586
WBGene00003581	0.65545096	-1.69E-08	0.021692586
WBGene00005386	0.618175797	2.33E-06	0.10445308
WBGene00001240	0.465287862	-3.87E-06	-0.034481442
WBGene00003408	0.492290728	-8.01E-06	0.052600347
WBGene00017720	0.471884945	3.68E-06	-0.008683636
WBGene00021500	1.076487524	-5.05E-06	0.002166998
WBGene00019713	0.587495352	9.50E-06	-0.145837925
WBGene00019295	0.447698951	-9.03E-06	-0.047140981
WBGene00019296	0.447698951	-9.03E-06	-0.047140981
WBGene00012312	0.525753594	7.35E-06	0.173116612
WBGene00000237	0.668127581	2.81E-06	-0.008221602
WBGene00017654	0.374845167	1.77E-06	0.05631334
WBGene00002222	0.480350066	5.34E-06	-0.142515602
WBGene00019017	0.536835752	-3.90E-06	-0.021164202
WBGene00020743	0.460180286	4.73E-06	-0.056496953
WBGene00001663	0.455196893	2.87E-06	0.038763454
WBGene00023206	0.358532521	-5.77E-06	0.043938922
WBGene00003978	0.358532521	-5.77E-06	0.043938922
WBGene00022493	0.358532521	-5.77E-06	0.043938922
WBGene00006063	0.452402176	-7.58E-06	-0.078508077
WBGene00012961	0.791304019	4.42E-06	0.033828093
WBGene00001914	0.46572926	3.19E-06	0.225132817
WBGene00001912	0.46572926	3.19E-06	0.225132817
WBGene00014207	0.465714813	4.67E-06	0.160655485
WBGene00007855	0.519973256	9.96E-08	0.005143392
WBGene00004046	0.529325388	-1.31E-06	-0.039966765
WBGene00018471	0.529325388	-1.31E-06	-0.039966765
WBGene00004479	0.49192744	-2.08E-06	-0.084976751
WBGene00019122	0.632846614	5.87E-06	-0.011094913
WBGene00235270	0.632846614	5.87E-06	-0.011094913
WBGene00006372	0.475797971	2.61E-06	0.043229869
WBGene00003728	0.478892768	4.51E-06	0.112010148
WBGene00219837	0.478892768	4.51E-06	0.112010148
WBGene00019521	0.460523241	-3.59E-06	-0.028968482
WBGene00001094	0.445270937	-1.96E-06	-0.033391983
WBGene00019521	0.43510609	-6.74E-06	-0.058680978
WBGene00017449	0.466470783	9.39E-06	-0.050039183
WBGene00006692	0.503097467	1.16E-05	0.070979576
WBGene00014729	0.526208777	-6.56E-06	-0.040914781
WBGene00008476	0.526208777	-6.56E-06	-0.040914781
WBGene00006344	0.400746373	1.00E-05	0.06928689
WBGene00008561	0.57431065	7.58E-06	0.02616819
WBGene00013198	0.517242437	7.42E-06	-0.041901578
WBGene00001817	0.454981709	-3.90E-06	-0.127825275
WBGene00009219	0.295978593	4.79E-06	0.041683408
WBGene00004492	0.295978593	4.79E-06	0.041683408
WBGene00004499	0.464016445	-3.27E-06	-0.032873372
WBGene00004453	0.464016445	-3.27E-06	-0.032873372
WBGene00220144	0.399575259	3.00E-06	0.000972499
WBGene00000566	0.399575259	3.00E-06	0.000972499
WBGene00022791	0.368622136	-2.67E-07	-0.024555778
WBGene00018565	0.310012651	-5.43E-06	-0.00017089
WBGene00003285	0.451681967	3.11E-06	-0.035452056
WBGene00020504	0.578899983	-1.57E-06	-0.049929035
WBGene00021282	0.401523197	-2.39E-06	0.002706851
WBGene00004419	0.401523197	-2.39E-06	0.002706851
WBGene00004704	0.446452031	-8.65E-06	-0.067187617
WBGene00010896	0.446452031	-8.65E-06	-0.067187617
WBGene00003010	0.456306948	8.81E-06	-0.015649837
WBGene00012969	0.388707517	5.66E-06	0.009225497
WBGene00012972	0.388707517	5.66E-06	0.009225497
WBGene00010641	0.321040191	5.29E-06	-0.103713843
WBGene00044914	0.446685627	2.94E-06	-0.01796313
WBGene00020930	0.421698862	-2.83E-06	-0.011509014
WBGene00013426	0.642375587	1.44E-06	0.023754124
WBGene00044083	0.362134699	-1.72E-06	-0.04288029
WBGene00001007	0.362134699	-1.72E-06	-0.04288029
WBGene00017981	0.601305397	6.60E-06	0.07269129
WBGene00004046	0.652189183	-3.59E-06	-0.023501655
WBGene00000841	0.542084551	3.57E-06	-0.042874389
WBGene00002215	0.40741537	-6.43E-06	-0.043271814
WBGene00003480	0.376563618	-2.28E-06	-0.076151719
WBGene00044949	0.457382465	-6.12E-06	0.026292027
WBGene00021953	0.693138918	-1.46E-06	-0.084575767
WBGene00194713	0.574098162	-4.17E-06	-0.051657364
WBGene00004183	0.458429292	8.89E-06	0.065525838
WBGene00021987	0.409284424	3.48E-06	0.171199152
WBGene00003037	0.399677067	-5.65E-06	-0.217429763
WBGene00077462	0.399677067	-5.65E-06	-0.217429763
WBGene00004424	0.399677067	-5.65E-06	-0.217429763
WBGene00013947	0.555862351	1.25E-06	-0.129623915
WBGene00013946	0.555862351	1.25E-06	-0.129623915
WBGene00018427	0.412732249	-1.06E-05	-0.131950325
WBGene00001393	0.424420623	1.21E-06	-0.039824354
WBGene00021687	0.436525967	-2.02E-06	-0.179500893
WBGene00001879	0.362054387	1.15E-05	0.449048965
WBGene00001880	0.362054387	1.15E-05	0.449048965
WBGene00021751	0.558959373	-2.78E-06	0.01885567
WBGene00006307	0.490370452	-1.14E-06	-0.210467313
WBGene00009365	0.471233626	-4.22E-06	-0.051938706
WBGene00005289	0.623550957	7.06E-06	0.025833795
WBGene00011878	0.623550957	7.06E-06	0.025833795
WBGene00021818	0.518482565	9.81E-06	0.008514093
WBGene00015008	0.352742357	-2.20E-06	-0.296856601
WBGene00022466	0.352742357	-2.20E-06	-0.296856601
WBGene00004360	0.494038715	-1.28E-06	-0.011535914
WBGene00009709	0.616344365	5.13E-06	0.007271354
WBGene00014176	0.467193055	3.30E-06	-0.05142764
WBGene00002083	0.638963908	1.20E-06	-0.013673304
WBGene00018998	0.638963908	1.20E-06	-0.013673304
WBGene00010006	0.444069734	-1.93E-06	0.096343543
WBGene00001178	0.442043679	-2.28E-06	0.175292122
WBGene00020930	0.403619184	4.06E-06	0.025875029
WBGene00008948	0.348147328	-5.09E-06	0.076372562
WBGene00004057	0.421742344	6.57E-06	-0.017640415
WBGene00003196	0.460121262	4.69E-06	-0.065568369
WBGene00012901	0.440494989	2.71E-06	0.010112166
WBGene00019247	0.473868181	-5.05E-08	-0.009012311
WBGene00019248	0.473868181	-5.05E-08	-0.009012311
WBGene00002120	0.403789247	6.30E-06	-0.028383618
WBGene00014310	0.403789247	6.30E-06	-0.028383618
WBGene00016321	0.337369811	-1.26E-06	-0.033213747
WBGene00015418	0.411689151	2.62E-08	-0.075820897
WBGene00017447	0.530109882	3.26E-06	-0.386908987
WBGene00017216	0.429989909	3.43E-06	-0.060953224
WBGene00017217	0.429989909	3.43E-06	-0.060953224
WBGene00014999	0.550765992	2.39E-06	-0.064918334
WBGene00007475	0.309804819	-4.36E-06	0.337871372
WBGene00000511	0.309804819	-4.36E-06	0.337871372
WBGene00007139	0.309804819	-4.36E-06	0.337871372
WBGene00004481	0.333457221	-6.98E-06	-0.000738057
WBGene00018830	0.333457221	-6.98E-06	-0.000738057
WBGene00008443	0.503708262	0.601375081	0.04986428
WBGene00008585	0.469898891	6.13E-06	0.021845037
WBGene00003387	0.548752138	2.40E-06	0.000734106
WBGene00018199	0.4001969	-4.60E-06	0.1299435
WBGene00013946	0.467553717	2.90E-06	-0.049182691
WBGene00006916	0.412518255	2.42E-06	0.00824048
WBGene00013223	0.412518255	2.42E-06	0.00824048
WBGene00001708	0.404885714	4.54E-06	0.134988304
WBGene00008951	0.404885714	4.54E-06	0.134988304
WBGene00022246	0.570006229	3.55E-06	-0.027220405
WBGene00012407	0.518151045	3.65E-06	-0.046489241
WBGene00195210	0.518151045	3.65E-06	-0.046489241
WBGene00023094	0.333855666	5.97E-06	0.12086974
WBGene00004436	0.356321363	-1.69E-05	0.006099853
WBGene00004479	0.356321363	-1.69E-05	0.006099853
WBGene00010785	0.339464629	-9.99E-06	-0.013020361
WBGene00003789	0.339464629	-9.99E-06	-0.013020361
WBGene00004484	0.401509374	5.05E-06	-0.010386348
WBGene00001569	0.472767581	-3.76E-06	0.109595274
WBGene00022146	0.366075292	-7.46E-06	-0.059476612
WBGene00006063	0.518513936	-3.71E-06	-0.017171858
WBGene00001977	0.562509669	1.33E-06	-0.003343788
WBGene00014151	0.562509669	1.33E-06	-0.003343788
WBGene00012531	0.488707012	6.25E-06	0.000725285
WBGene00016493	0.394247193	4.62E-06	-0.019496247
WBGene00044586	0.392788879	-1.61E-06	0.038206482
WBGene00003600	0.347428467	6.10E-06	0.062804361
WBGene00018152	0.299409186	-1.11E-05	-0.051468563
WBGene00012663	0.55802823	-1.30E-06	-0.029796991
WBGene00011268	0.55802823	-1.30E-06	-0.029796991
WBGene00020491	0.488057327	2.05E-06	-0.044827323
WBGene00023497	0.383576865	-3.63E-06	0.017618897
WBGene00004431	0.524104949	-9.24E-07	-0.039227826
WBGene00019246	0.478795732	4.65E-06	-0.015470223
WBGene00016011	0.358617699	-2.07E-06	-0.131649772
WBGene00020629	0.423772086	-2.36E-06	-0.153331991
WBGene00004373	0.300596754	-1.44E-05	-0.029367192
WBGene00014549	0.400362014	2.90E-06	-0.204625096
WBGene00012329	0.400362014	2.90E-06	-0.204625096
WBGene00012728	0.400362014	2.90E-06	-0.204625096
WBGene00021346	0.354859254	8.10E-06	-0.006280617
WBGene00001581	0.490442898	1.63E-06	-0.104966459
WBGene00002081	0.386885139	-1.04E-06	-0.182761573
WBGene00018226	0.361739678	1.09E-05	-0.059827896
WBGene00018886	0.361739678	1.09E-05	-0.059827896
WBGene00021260	0.514199508	-1.10E-06	0.008571229
WBGene00022486	0.393551952	9.36E-06	-0.461128877
WBGene00019347	0.351411361	5.21E-06	-0.030328453
WBGene00013522	0.324702753	2.09E-06	0.002421555
WBGene00022037	0.383575301	4.40E-06	-0.001690854
WBGene00002203	0.419931336	-1.90E-06	-0.058029245
WBGene00009428	0.561882537	1.39E-06	0.014863528
WBGene00009430	0.561882537	1.39E-06	0.014863528
WBGene00015451	0.567885259	-1.50E-06	0.018207351
WBGene00008920	0.358226016	-1.89E-06	-0.055378659
WBGene00008921	0.358226016	-1.89E-06	-0.055378659
WBGene00021549	0.301619107	-1.72E-05	0.03615651
WBGene00007581	0.386689289	-1.31E-06	0.025848099
WBGene00045037	0.500510492	4.48E-06	0.024155879
WBGene00015913	0.529616302	2.55E-06	0.056895677
WBGene00012379	0.462967657	1.86E-06	0.079212659
WBGene00004189	0.416440021	4.30E-06	0.042584608
WBGene00003961	0.354358249	3.07E-06	0.077090367
WBGene00001038	0.364123277	4.17E-06	0.057108662
WBGene00014249	0.364123277	4.17E-06	0.057108662
WBGene00006418	0.487038037	2.84E-06	-0.037300711
WBGene00003907	0.474899878	3.88E-06	0.048876394
WBGene00000121	0.441207823	-3.83E-06	-0.007551536
WBGene00009078	0.441207823	-3.83E-06	-0.007551536
WBGene00006342	0.434626554	-2.31E-06	0.002671684
WBGene00022219	0.489217617	5.71E-06	-0.035339358
WBGene00002005	-2.310718891	-0.948211972	0.037118348
WBGene00012128	-2.310718891	-0.948211972	0.037118348
WBGene00019437	-2.6567262	-7.40E-06	-0.069471397
WBGene00002005	-2.173745914	-0.840063571	0.044974312
WBGene00220101	-2.114258894	-9.97E-06	-0.004524665
WBGene00002005	-1.960418097	-0.746219622	0.030046755
WBGene00020767	-2.293462917	-8.14E-06	-0.115539052
WBGene00008144	-1.937164487	-2.24E-05	0.004401602
WBGene00044180	-1.937164487	-2.24E-05	0.004401602
WBGene00006603	-1.895107725	-7.16E-06	0.016396734
WBGene00000915	-2.1551232	-1.026605456	0.01641497
WBGene00007484	-1.908214967	-1.74E-05	-0.617003558
WBGene00010053	-1.594147219	-3.08E-05	0.027631271
WBGene00001031	-1.594147219	-3.08E-05	0.027631271
WBGene00018938	-1.746072946	-5.13E-06	0.03905408
WBGene00018938	-1.755553992	-5.28E-06	0.026640741
WBGene00022382	-2.370264892	-1.055046557	-0.011457898
WBGene00000915	-1.724497905	-1.80E-05	0.038455377
WBGene00010052	-1.823660337	-2.05E-05	0.064274895
WBGene00001031	-1.823660337	-2.05E-05	0.064274895
WBGene00020914	-1.533799713	9.26E-06	0.042230748
WBGene00001993	-1.610519953	-5.76E-06	-0.016147069
WBGene00022382	-1.78753442	-1.71E-05	-0.006219029
WBGene00000915	-1.754258027	-2.06E-05	0.038749818
WBGene00002005	-1.384798825	-2.22E-05	0.053708278
WBGene00009156	-1.384798825	-2.22E-05	0.053708278
WBGene00004185	-1.314944346	-6.98E-06	0.159957511
WBGene00011304	-1.314944346	-6.98E-06	0.159957511
WBGene00010052	-1.326903215	-2.39E-05	0.045618516
WBGene00006603	-1.392617092	-4.07E-06	-0.03625051
WBGene00004804	-1.683554883	-6.90E-06	0.025463219
WBGene00003579	-1.326591608	-9.85E-06	0.067408692
WBGene00020962	-1.326591608	-9.85E-06	0.067408692
WBGene00006603	-1.795307155	-7.10E-06	0.002121512
WBGene00000188	-1.532638607	-5.87E-06	-0.028082277
WBGene00006603	-1.532638607	-5.87E-06	-0.028082277
WBGene00006603	-1.776934477	-4.54E-06	0.030161509
WBGene00008963	-1.776934477	-4.54E-06	0.030161509
WBGene00003668	-1.412219998	-1.40E-05	-0.062904644
WBGene00017486	-1.412219998	-1.40E-05	-0.062904644
WBGene00008359	-1.497880642	1.18E-06	0.051692794
WBGene00011074	-1.319546133	-0.321887406	-0.440923194
WBGene00011075	-1.319546133	-0.321887406	-0.440923194
WBGene00011615	-1.775157473	-1.78E-06	-0.04407105
WBGene00020917	-1.511218185	6.70E-06	-0.006835469
WBGene00017300	-1.190308046	8.92E-06	0.139801489
WBGene00017668	-1.49091157	-1.47E-06	-0.005271718
WBGene00019731	-1.605728697	5.93E-07	0.029822832
WBGene00003394	-1.374409477	-3.19E-06	-0.084713662
WBGene00004185	-1.155632877	-4.38E-06	0.081831883
WBGene00011304	-1.155632877	-4.38E-06	0.081831883
WBGene00012608	-1.343216913	1.60E-06	-0.056786035
WBGene00008961	-1.634850518	-5.76E-06	-0.024938881
WBGene00006603	-1.947259418	-4.30E-06	-0.030605582
WBGene00219907	-1.947259418	-4.30E-06	-0.030605582
WBGene00003001	-1.300542314	-0.999880616	0.08630158
WBGene00022712	-0.832426668	-1.12E-05	-0.009243808
WBGene00020955	-1.234085513	-1.16E-05	0.091271885
WBGene00020962	-1.234085513	-1.16E-05	0.091271885
WBGene00006868	-1.297749698	7.78E-06	0.070679822
WBGene00009180	-1.535828548	-4.68E-06	0.082554467
WBGene00001749	-1.438860746	-1.63E-05	0.055517383
WBGene00000915	-1.266214291	-1.64E-05	0.00755924
WBGene00021019	-1.115934025	-2.33E-06	0.015934042
WBGene00016558	-1.479099229	-7.31E-06	-0.313085023
WBGene00009180	-1.041970132	-5.92E-06	0.09462193
WBGene00000114	-0.794640978	-1.19E-05	0.159903351
WBGene00006944	-1.03271218	1.43E-05	0.080938047
WBGene00000114	-0.915270151	-5.07E-06	0.178717973
WBGene00014143	-1.624467231	-4.52E-06	-0.141331254
WBGene00004185	-1.11228783	-1.63E-06	-0.004369828
WBGene00011304	-1.11228783	-1.63E-06	-0.004369828
WBGene00005825	-1.004521101	1.10E-05	0.100505208
WBGene00271567	-1.297786895	-2.26E-06	0.056491155
WBGene00012139	-1.297786895	-2.26E-06	0.056491155
WBGene00009180	-1.139609662	-2.66E-06	0.078508034
WBGene00009692	-1.236308917	-1.066672369	0.035619247
WBGene00009691	-1.236308917	-1.066672369	0.035619247
WBGene00022865	-1.428346942	-0.903836722	0.029552108
WBGene00012813	-1.466694524	-6.04E-06	0.039464286
WBGene00006603	-1.078863617	-6.80E-06	0.029938785
WBGene00009772	-0.755527047	1.06E-05	0.295851882
WBGene00004185	-1.005487798	-4.62E-06	0.213914106
WBGene00011304	-0.996012986	-5.79E-06	0.046164367
WBGene00002273	-1.1410298	-1.00E-05	0.080168483
WBGene00020910	-1.1410298	-1.00E-05	0.080168483
WBGene00016250	-1.283140255	-0.768776101	0.034285373
WBGene00016943	-1.50018005	3.29E-06	0.021057794
WBGene00016942	-1.50018005	3.29E-06	0.021057794
WBGene00001439	-0.72961379	4.26E-07	0.307739442
WBGene00045074	-0.887270211	-7.32E-06	0.029499214
WBGene00011304	-0.887270211	-7.32E-06	0.029499214
WBGene00008943	-1.411655315	-1.68E-05	0.023824983
WBGene00008944	-1.411655315	-1.68E-05	0.023824983
WBGene00004185	-0.81882769	-2.62E-07	0.043133467
WBGene00011304	-0.81882769	-2.62E-07	0.043133467
WBGene00002010	-1.080860228	-1.55E-05	0.028460717
WBGene00006927	-1.203934762	-3.09E-06	0.100417039
WBGene00004804	-0.884624633	-8.20E-06	-0.004143249
WBGene00020585	-0.884624633	-8.20E-06	-0.004143249
WBGene00000247	-1.102877797	-1.27E-05	-0.055465882
WBGene00022938	-0.984511478	-9.22E-06	-0.117872809
WBGene00022939	-0.984511478	-9.22E-06	-0.117872809
WBGene00000833	-0.837247062	-4.18E-06	-0.019972619
WBGene00000549	-0.92704352	-2.40E-05	0.092623279
WBGene00011300	-0.92704352	-2.40E-05	0.092623279
WBGene00012608	-0.995405937	-1.69E-07	0.00771109
WBGene00018138	-1.088078104	6.09E-06	-0.011652427
WBGene00013883	-0.786874068	-5.01E-06	-0.147845758
WBGene00017631	-1.007014787	-7.16E-06	-0.282575865
WBGene00011300	-1.231463014	-1.02E-05	0.037074786
WBGene00003385	-0.94092824	3.11E-06	0.044447014
WBGene00001500	-0.924275323	1.53E-05	0.039441738
WBGene00022276	-1.111441875	-8.11E-06	0.061866287
WBGene00022277	-1.111441875	-8.11E-06	0.061866287
WBGene00004336	-0.973877446	-3.44E-06	0.028562544
WBGene00022276	-0.972848323	-1.91E-05	-0.101058207
WBGene00001993	-0.956375271	-4.99E-06	0.004096299
WBGene00006928	-1.164407103	-7.32E-06	0.076837579
WBGene00013111	-0.734097063	3.05E-06	0.090119451
WBGene00011304	-0.716301052	-5.05E-06	0.167502266
WBGene00020596	-0.987777573	-6.78E-06	0.08675825
WBGene00019721	-1.110757402	1.35E-06	0.063993257
WBGene00019719	-1.110757402	1.35E-06	0.063993257
WBGene00016274	-1.150850234	7.37E-06	0.057412392
WBGene00000973	-0.938626478	-1.39E-06	0.09272138
WBGene00012293	-0.880975223	9.27E-06	0.107541332
WBGene00011868	-0.990713277	-3.89E-06	-0.070222203
WBGene00009772	-0.871078067	6.81E-06	0.204870805
WBGene00001031	-0.919986725	-1.61E-05	0.047840767
WBGene00010053	-0.919986725	-1.61E-05	0.047840767
WBGene00002010	-0.889883512	-1.23E-05	0.02180275
WBGene00002055	-0.800554539	-6.11E-06	0.003942616
WBGene00006104	-0.800554539	-6.11E-06	0.003942616
WBGene00020031	-1.078480427	3.61E-06	0.068783276
WBGene00020030	-1.078480427	3.61E-06	0.068783276
WBGene00022010	-1.149983271	-4.16E-07	0.057626555
WBGene00015623	-1.142804267	8.71E-06	0.039584822
WBGene00000989	-0.981389916	-6.03E-07	0.001178302
WBGene00000549	-0.879526453	-1.80E-05	0.060104478
WBGene00020596	-0.828525663	-1.30E-05	0.123628262
WBGene00001439	-0.682904599	9.08E-06	0.052234471
WBGene00011300	-1.236559069	-1.19E-05	0.035827707
WBGene00017073	-0.874252378	-8.96E-07	0.004861987
WBGene00003637	-0.852615736	8.37E-06	0.01555494
WBGene00022597	-0.8855471	-7.86E-06	0.076518559
WBGene00000223	-0.816685494	-1.89E-06	0.055302301
WBGene00001037	-0.774598709	-1.68E-05	-0.085247874
WBGene00020585	-0.822626067	-8.52E-06	0.003008363
WBGene00001561	-1.113062558	2.25E-06	0.019397394
WBGene00010480	-0.697102259	-1.35E-05	0.047090569
WBGene00000883	-0.665249718	-1.47E-05	0.085875402
WBGene00019731	-0.739754126	8.47E-08	0.059822154
WBGene00022712	-0.731845725	-8.39E-06	0.009665111
WBGene00004464	-0.883112825	-2.37E-06	0.022924539
WBGene00020036	-0.883112825	-2.37E-06	0.022924539
WBGene00009898	-0.828054342	1.07E-06	0.014557006
WBGene00000465	-1.002523854	5.90E-07	0.070317924
WBGene00007018	-1.330348507	2.00E-06	0.019436885
WBGene00022010	-0.944267171	6.08E-08	0.221047426
WBGene00002010	-0.870690106	-1.47E-05	0.049205674
WBGene00019730	-0.965571162	2.21E-06	-0.002636357
WBGene00007363	-1.007122141	1.68E-06	0.04384011
WBGene00007365	-1.007122141	1.68E-06	0.04384011
WBGene00010055	-0.84777495	-1.02E-05	-0.40686094
WBGene00007018	-1.131965657	7.11E-07	0.024164345
WBGene00016943	-1.131965657	7.11E-07	0.024164345
WBGene00017698	-0.814673666	-1.58E-05	0.135728724
WBGene00004464	-1.10893358	9.03E-08	0.091564799
WBGene00000558	-1.334887986	-3.22E-06	0.02804257
WBGene00013883	-0.907317681	-1.08E-05	-0.051634914
WBGene00008944	-1.742949285	-1.04E-05	0.009868877
WBGene00021369	-1.068802079	2.62E-06	0.018701214
WBGene00003281	-0.666097103	-2.37E-05	0.128618223
WBGene00019895	-0.813916094	8.16E-06	0.199665622
WBGene00008963	-1.164826057	-2.81E-06	0.036260056
WBGene00000114	-0.699616397	-5.87E-06	0.264482951
WBGene00022276	-0.984157927	-1.40E-05	-0.083169176
WBGene00004464	-0.919809331	-1.07E-06	0.090499748
WBGene00022712	-0.6428817	-1.72E-05	0.008069997
WBGene00004208	-0.718134735	1.07E-05	0.772055026
WBGene00008330	-0.664125932	-5.57E-06	-0.005796036
WBGene00011560	-0.863013038	1.57E-07	-0.050251255
WBGene00006237	-1.025914203	4.22E-07	0.07771166
WBGene00020037	-0.996244657	-1.48E-06	0.061897677
WBGene00001439	-0.879196898	1.84E-06	0.123257795
WBGene00012615	-0.945988904	1.58E-06	-0.040417016
WBGene00020917	-0.941713428	6.44E-07	0.017894549
WBGene00002021	-1.013840755	-1.54E-05	0.025572486
WBGene00001404	-0.802180205	-7.89E-06	0.049102501
WBGene00000221	-0.930280196	7.78E-06	0.04288041
WBGene00006947	-0.958274853	-6.40E-06	-0.002896186
WBGene00006833	-0.648236072	-6.48E-06	-0.046060125
WBGene00001439	-0.687717715	5.30E-06	0.107751855
WBGene00016506	-0.939196924	-3.54E-06	-0.019802686
WBGene00000915	-0.857890677	-8.63E-06	0.024543735
WBGene00008143	-0.857890677	-8.63E-06	0.024543735
WBGene00021312	-0.643948093	-5.11E-06	0.001095046
WBGene00003618	-0.680877749	-3.26E-06	0.068371875
WBGene00017698	-0.772889837	-6.93E-06	0.082330373
WBGene00017692	-0.772889837	-6.93E-06	0.082330373
WBGene00007030	-0.625074522	-1.05E-05	-0.035073258
WBGene00011304	-0.640151783	-2.24E-06	0.029494958
WBGene00008742	-0.886936104	3.17E-06	0.06495565
WBGene00017692	-0.874177088	-1.48E-05	0.013205695
WBGene00017698	-0.874177088	-1.48E-05	0.013205695
WBGene00077500	-0.756103823	-1.04E-05	0.025457335
WBGene00010706	-0.700420376	3.45E-06	0.058073236
WBGene00011304	-0.720785037	-4.54E-06	0.030120544
WBGene00007018	-1.162205103	1.37E-06	-0.003040719
WBGene00016943	-1.162205103	1.37E-06	-0.003040719
WBGene00001756	-0.734404466	-1.72E-06	0.133433279
WBGene00000216	-0.901575789	-1.11E-05	0.060079084
WBGene00020909	-0.902498615	1.12E-06	0.046830151
WBGene00018764	-0.726524583	-4.21E-06	0.017515487
WBGene00016376	-0.90820391	-1.54E-06	-0.04559177
WBGene00019719	-0.609563208	-6.58E-07	0.148051481
WBGene00000870	-0.879767401	-2.73E-06	-0.069069591
WBGene00019717	-1.026520688	2.76E-06	-0.016987294
WBGene00011304	-0.735364532	-3.11E-06	0.097387621
WBGene00011733	-0.796537362	7.65E-06	0.127934057
WBGene00006927	-0.895225955	1.45E-06	0.218348125
WBGene00044696	-1.140382936	-1.38E-05	0.007911249
WBGene00000216	-0.983643411	-9.91E-06	0.039397732
WBGene00000282	-0.645430082	-2.29E-05	0.297606055
WBGene00012999	-0.67155252	-5.29E-06	0.01562321
WBGene00011140	-0.705145042	-8.47E-06	-0.074967331
WBGene00012217	-0.705145042	-8.47E-06	-0.074967331
WBGene00007614	-0.877421406	8.37E-06	0.01545604
WBGene00001957	-0.79238604	7.03E-06	0.080977697
WBGene00018602	-0.79238604	7.03E-06	0.080977697
WBGene00012813	-0.59671284	-1.02E-05	0.01320627
WBGene00016027	-0.919893558	1.29E-06	0.000899776
WBGene00012813	-0.913622628	-6.11E-06	0.028669983
WBGene00021369	-1.174041007	3.10E-06	0.029069686
WBGene00000247	-0.736336554	-8.41E-06	0.086880541
WBGene00004116	-0.637843348	-1.38E-06	0.034150854
WBGene00008446	-0.637843348	-1.38E-06	0.034150854
WBGene00000223	-0.791096157	1.14E-06	0.014992691
WBGene00016943	-1.032488864	-2.00E-06	-0.011204334
WBGene00007018	-1.032488864	-2.00E-06	-0.011204334
WBGene00004336	-0.752231297	-5.89E-06	0.142102723
WBGene00003151	-0.718227452	-2.91E-06	-0.039067215
WBGene00020530	-0.749173289	2.89E-06	0.025877394
WBGene00019719	-0.706577558	-4.90E-06	-0.0092158
WBGene00003786	-0.731767911	-2.37E-06	0.238839262
WBGene00016333	-0.61915588	-8.30E-06	0.095378099
WBGene00002096	-0.952411163	7.61E-06	0.018325038
WBGene00015891	-0.952411163	7.61E-06	0.018325038
WBGene00000228	-0.677788893	-1.01E-05	0.364793678
WBGene00017563	-0.587187263	7.32E-06	0.387845658
WBGene00015887	-0.766832655	9.53E-06	-0.011601362
WBGene00023237	-0.766832655	9.53E-06	-0.011601362
WBGene00017295	-0.919047561	-1.67E-07	0.060559055
WBGene00020394	-0.880753642	-5.34E-06	-0.006330012
WBGene00021237	-0.969435718	2.88E-08	0.017211599
WBGene00009101	-0.872480601	3.84E-06	0.050766331
WBGene00009102	-0.872480601	3.84E-06	0.050766331
WBGene00001500	-0.869725722	9.97E-06	0.091247215
WBGene00011304	-0.600191727	-4.17E-06	0.081674994
WBGene00019381	-0.766846637	4.32E-06	0.065186494
WBGene00020068	-0.766846637	4.32E-06	0.065186494
WBGene00003695	-0.890241363	8.60E-07	0.034438619
WBGene00007867	-0.833465095	-4.16E-07	-0.083970839
WBGene00008446	-0.617043341	-4.63E-06	0.066255151
WBGene00012616	-0.67392962	-1.26E-06	0.002049434
WBGene00004336	-0.720846879	-4.29E-06	0.008796607
WBGene00000465	-0.834053757	-2.01E-06	0.005868971
WBGene00000114	-0.795851205	-9.02E-07	0.117560275
WBGene00000114	-0.758830128	-1.29E-06	0.04571876
WBGene00018467	-0.667211921	-3.67E-06	-0.027551415
WBGene00000223	-0.755756721	1.92E-06	0.021815562
WBGene00020674	-1.482487799	1.41E-08	0.007957017
WBGene00007841	-0.659249087	-7.06E-06	-0.082127719
WBGene00020135	-0.541326445	2.05E-06	0.124743046
WBGene00001534	-0.818086043	-1.06E-05	0.074415587
WBGene00002021	-0.818086043	-1.06E-05	0.074415587
WBGene00019719	-0.749169635	-7.04E-07	0.100865031
WBGene00011304	-0.62016905	-1.63E-06	0.022167338
WBGene00007460	-0.82474933	2.09E-06	-0.026679868
WBGene00016877	-0.765770506	-3.77E-06	0.028484051
WBGene00017692	-0.799130632	-1.15E-05	0.059518087
WBGene00017698	-0.799130632	-1.15E-05	0.059518087
WBGene00010125	-0.938534348	4.92E-07	-0.005852118
WBGene00004208	-0.636286999	5.25E-06	0.044968451
WBGene00003163	-0.497961396	-7.17E-06	0.112277591
WBGene00019843	-0.497961396	-7.17E-06	0.112277591
WBGene00011304	-0.518802502	-4.24E-06	0.041393312
WBGene00012180	-0.569788688	-1.72E-05	0.042129285
WBGene00017908	-0.68177844	-4.60E-06	0.010307846
WBGene00010244	-0.57788173	-8.15E-06	-0.260132157
WBGene00009895	-0.985976686	5.33E-06	0.010372166
WBGene00004208	-0.578408791	7.59E-06	0.082478899
WBGene00001030	-0.544589912	-5.87E-06	0.026262157
WBGene00003618	-0.698337425	-4.58E-06	0.016588496
WBGene00022887	-0.620848863	-7.29E-06	0.047996631
WBGene00194658	-0.896272751	5.85E-06	0.241469725
WBGene00009947	-0.909571008	3.19E-07	0.011480358
WBGene00018465	-0.666478852	-5.13E-06	-0.048065085
WBGene00012813	-0.643355571	-1.63E-06	0.197269226
WBGene00016250	-0.823219673	-0.650270806	0.059411651
WBGene00004208	-0.783869657	5.01E-06	0.051649428
WBGene00001439	-0.631324346	2.13E-06	0.100640112
WBGene00008413	-0.71372741	4.33E-06	0.04738899
WBGene00011102	-1.336402743	-6.40E-06	0.027507596
WBGene00008354	-0.674528059	-4.07E-06	-0.257940145
WBGene00003021	-0.96823979	8.48E-06	0.031626011
WBGene00016987	-0.561156331	-1.74E-05	0.04358004
WBGene00017294	-0.747854888	-3.87E-07	0.059508332
WBGene00017297	-0.747854888	-3.87E-07	0.059508332
WBGene00016866	-0.710024955	-2.36E-06	0.084556293
WBGene00001993	-0.677576357	-7.07E-06	-0.070406415
WBGene00086560	-0.652242322	-2.30E-07	0.07473747
WBGene00010244	-0.52340062	-8.58E-06	-0.050183149
WBGene00005304	-0.733652027	-1.73E-06	0.089452069
WBGene00017336	-0.733652027	-1.73E-06	0.089452069
WBGene00001493	-0.636676736	-1.29E-05	0.062411106
WBGene00005202	-0.636676736	-1.29E-05	0.062411106
WBGene00009180	-0.711356338	1.57E-06	0.00779481
WBGene00015891	-0.88467846	4.95E-06	0.03269064
WBGene00015894	-0.88467846	4.95E-06	0.03269064
WBGene00012137	-0.84084624	1.12E-06	-0.044507181
WBGene00044326	-0.743598782	-2.93E-06	-0.008104838
WBGene00000883	-0.533584205	-1.83E-06	0.218038881
WBGene00044500	-0.581581864	4.94E-07	0.155039233
WBGene00015650	-0.535000472	5.43E-06	0.202884077
WBGene00022775	-0.529815428	-5.37E-06	0.023988254
WBGene00012326	-0.592887121	2.08E-06	0.062197015
WBGene00016877	-0.792918409	-1.22E-06	0.060338564
WBGene00015326	-0.491875217	-1.59E-05	-0.108175406
WBGene00004336	-0.618282204	-2.56E-06	0.011316949
WBGene00019717	-0.562552884	6.53E-06	-0.084155823
WBGene00021128	-0.544903135	2.93E-06	0.005602156
WBGene00006603	-0.659538383	-6.50E-06	0.043585456
WBGene00009691	-1.321560472	-1.283577725	0.005288998
WBGene00011043	-0.53887883	-1.04E-05	-0.00086075
WBGene00000169	-0.55491902	-3.44E-06	0.441156786
WBGene00008925	-0.786328938	-3.50E-06	0.087279505
WBGene00018856	-0.648166497	-2.29E-06	0.052404285
WBGene00002010	-1.027238781	-1.01E-05	0.03289022
WBGene00021369	-0.981341957	4.22E-06	0.028907787
WBGene00014029	-0.75660083	-6.47E-06	0.070492053
WBGene00014030	-0.75660083	-6.47E-06	0.070492053
WBGene00000870	-0.789157933	-3.10E-06	-0.118337434
WBGene00000380	-0.501957175	1.67E-06	0.061420648
WBGene00000247	-0.583606341	-1.10E-05	-0.018262533
WBGene00220073	-0.583606341	-1.10E-05	-0.018262533
WBGene00004182	-0.503325201	4.45E-06	0.063007743
WBGene00008412	-0.572887522	4.62E-06	-0.006607283
WBGene00012610	-0.485127262	1.73E-06	-0.224806391
WBGene00017435	-0.514958391	-1.32E-05	-0.165051982
WBGene00014057	-0.76182396	-2.08E-07	0.036654143
WBGene00019831	-0.641790336	-2.02E-06	0.046134141
WBGene00019730	-0.626189165	-4.78E-07	-0.00503564
WBGene00006460	-0.585833932	-4.97E-06	0.015262361
WBGene00044472	-0.788141922	-2.66E-06	0.003620244
WBGene00044292	-0.788141922	-2.66E-06	0.003620244
WBGene00016025	-0.656677219	-4.30E-06	0.041312585
WBGene00016027	-0.656677219	-4.30E-06	0.041312585
WBGene00004804	-0.581492065	-6.15E-06	0.023942161
WBGene00012794	-0.784136716	-3.49E-06	0.003547705
WBGene00009579	-1.224029967	-1.54E-06	0.016917644
WBGene00004096	-1.224029967	-1.54E-06	0.016917644
WBGene00015894	-0.835262982	3.87E-06	0.126451806
WBGene00016987	-0.598538081	-2.25E-05	0.079383268
WBGene00008446	-0.652012167	-1.64E-06	0.050506967
WBGene00011304	-0.698987304	1.84E-07	0.080823513
WBGene00019717	-0.503616043	-3.56E-06	-0.109579554
WBGene00003616	-0.970844252	-7.55E-06	0.122410956
WBGene00000082	-0.970844252	-7.55E-06	0.122410956
WBGene00003163	-0.566361861	-8.84E-07	0.110593957
WBGene00019843	-0.566361861	-8.84E-07	0.110593957
WBGene00003048	-0.426220434	-4.25E-06	-0.028885623
WBGene00019547	-0.895759649	-3.68E-06	0.02644933
WBGene00000082	-1.218585352	-5.62E-06	0.0650659
WBGene00003616	-1.218585352	-5.62E-06	0.0650659
WBGene00012444	-0.897885799	3.35E-07	0.032704325
WBGene00019731	-0.70932122	3.16E-06	0.106664214
WBGene00017565	-0.503038342	1.31E-05	0.140020431
WBGene00011376	-0.599478039	-7.40E-06	0.002511108
WBGene00008780	-0.588626356	3.91E-06	0.005219845
WBGene00009173	-0.588626356	3.91E-06	0.005219845
WBGene00016738	-0.810850869	-1.09E-05	0.021055282
WBGene00000391	-0.810850869	-1.09E-05	0.021055282
WBGene00006996	-0.62999109	-6.54E-06	0.058452748
WBGene00017295	-0.704734042	-3.09E-06	0.083959472
WBGene00021635	-0.561814928	-9.75E-06	-0.283711688
WBGene00006460	-0.523941901	3.94E-07	0.034245169
WBGene00008149	-0.509096026	-9.65E-06	0.082612398
WBGene00016431	-0.746279515	3.09E-06	0.019039822
WBGene00001439	-0.532450392	9.35E-06	0.064654408
WBGene00016987	-0.507369277	-1.34E-05	0.076771154
WBGene00019895	-0.507537405	4.58E-06	0.048562171
WBGene00001551	-0.473482697	-1.60E-05	-0.149546684
WBGene00019318	-0.473482697	-1.60E-05	-0.149546684
WBGene00020301	-0.473482697	-1.60E-05	-0.149546684
WBGene00043302	-0.842557639	-6.10E-07	0.017846958
WBGene00011869	-0.580948809	6.13E-06	-0.012434827
WBGene00194683	-0.580948809	6.13E-06	-0.012434827
WBGene00020909	-0.543394743	-3.37E-06	0.003288321
WBGene00020068	-0.601038624	1.19E-05	0.252861819
WBGene00017698	-0.720414118	-4.41E-06	0.04857158
WBGene00017692	-0.720414118	-4.41E-06	0.04857158
WBGene00019211	-0.519229011	-1.08E-05	0.158469134
WBGene00006923	-0.455938473	3.62E-06	0.045019023
WBGene00003091	-0.769510253	-7.37E-07	0.000801065
WBGene00001649	-0.573493783	-2.77E-06	0.17931569
WBGene00002263	-0.711384732	-6.94E-06	0.605478782
WBGene00001493	-0.601621195	-4.46E-06	0.062979739
WBGene00004835	-0.583657724	-1.29E-06	-0.025439519
WBGene00012130	-0.489262169	4.29E-06	-0.212268946
WBGene00008964	-0.581557689	-1.34E-06	-0.044952138
WBGene00008965	-0.581557689	-1.34E-06	-0.044952138
WBGene00020674	-0.612854598	-2.03E-06	0.017748982
WBGene00001649	-0.679665506	-1.28E-06	0.046564281
WBGene00003476	-0.665974718	-2.59E-06	0.015495685
WBGene00021331	-0.610619149	-9.20E-06	-0.119238398
WBGene00003601	-0.749306957	-3.46E-08	0.171713702
WBGene00006927	-0.717856411	-5.89E-06	0.109084726
WBGene00021597	-0.466187853	1.51E-05	-0.073908939
WBGene00018467	-0.644426491	-4.61E-06	0.007146291
WBGene00018138	-0.860519899	-1.17E-06	-0.035670322
WBGene00003738	-0.651832915	-4.09E-06	0.057223463
WBGene00006310	-0.710126329	7.91E-06	0.03384034
WBGene00017582	-0.757757949	4.63E-07	0.054560917
WBGene00017838	-0.480979713	3.22E-06	0.171532357
WBGene00009902	-0.677670855	5.23E-07	0.001890993
WBGene00008446	-0.44754803	-1.11E-05	0.104152489
WBGene00020135	-0.393384629	7.40E-06	0.154281517
WBGene00013878	-0.42189074	2.69E-07	-0.001503609
WBGene00021532	-0.670455883	4.12E-06	-0.010945558
WBGene00021535	-0.670455883	4.12E-06	-0.010945558
WBGene00021876	-0.381184506	-2.27E-05	-0.104254901
WBGene00010133	-0.630083883	-2.41E-06	0.03563757
WBGene00219283	-0.630083883	-2.41E-06	0.03563757
WBGene00017302	-0.475995616	1.27E-05	0.447069354
WBGene00007366	-0.549366853	9.48E-08	0.004430381
WBGene00007365	-0.549366853	9.48E-08	0.004430381
WBGene00007785	-0.43737833	-2.31E-05	-0.002231072
WBGene00014058	-0.52094022	-9.43E-06	0.074282953
WBGene00009110	-0.443816471	-4.24E-06	-0.124728041
WBGene00015778	-0.443500745	2.40E-06	0.044583568
WBGene00009643	-0.781898687	9.02E-07	0.01992183
WBGene00003081	-0.592244318	3.97E-06	-0.037259393
WBGene00017864	-0.445247713	-5.69E-06	0.155017121
WBGene00006527	-0.633057911	4.56E-06	0.112598295
WBGene00003589	-0.449966987	8.46E-06	0.056243833
WBGene00001042	-0.453829349	-7.98E-06	-0.167701704
WBGene00012326	-0.496266609	1.07E-05	0.099772142
WBGene00002041	-0.633843652	-2.50E-06	0.012733409
WBGene00000223	-0.49640656	-3.30E-06	0.013945884
WBGene00007588	-0.432148524	-8.74E-06	-0.035550832
WBGene00007784	-0.547254045	-1.08E-05	-0.182752421
WBGene00004208	-0.521107901	4.29E-06	0.148840788
WBGene00015400	-0.532432976	1.13E-06	0.032112736
WBGene00013080	-0.531560278	6.79E-06	0.080774432
WBGene00013079	-0.673423917	-3.82E-06	0.04625284
WBGene00019211	-0.556271303	-2.12E-06	0.074439687
WBGene00007352	-0.524143648	3.75E-06	0.199244166
WBGene00011304	-0.524143648	3.75E-06	0.199244166
WBGene00219955	-0.522553913	-1.52E-05	-0.070912553
WBGene00006923	-0.524452131	1.34E-06	-0.000446562
WBGene00019895	-0.559317934	1.04E-05	0.140336926
WBGene00008412	-0.518015195	3.02E-06	0.152120574
WBGene00008411	-0.518015195	3.02E-06	0.152120574
WBGene00021808	-0.476616623	-6.81E-06	0.071711615
WBGene00004414	-0.480931506	9.71E-06	0.033466081
WBGene00007969	-0.480931506	9.71E-06	0.033466081
WBGene00011228	-0.656850938	-3.27E-06	-0.032273172
WBGene00010444	-0.610171776	-4.68E-06	0.006820114
WBGene00009374	-0.489820551	6.16E-06	0.257616582
WBGene00000109	-0.631845847	-3.07E-06	0.026518548
WBGene00008775	-0.631845847	-3.07E-06	0.026518548
WBGene00012999	-0.495697857	-1.25E-07	0.01683511
WBGene00011304	-0.458832433	-4.20E-06	0.076651355
WBGene00004460	-0.637981553	-1.20E-05	0.041061134
WBGene00016250	-0.637981553	-1.20E-05	0.041061134
WBGene00011596	-0.534175524	7.47E-06	-0.024738422
WBGene00011443	-0.48924065	-8.92E-06	-0.055978394
WBGene00014058	-0.497117792	1.11E-06	0.397316861
WBGene00044471	-0.789896561	-1.25E-06	0.03162189
WBGene00044990	-0.617382244	3.08E-06	-0.03954877
WBGene00016987	-0.524987881	-1.91E-05	0.001863709
WBGene00001604	-0.5424156	-7.30E-08	-0.020787993
WBGene00021597	-0.476315955	1.26E-05	-0.090954512
WBGene00019294	-0.446326642	-5.61E-06	0.173113106
WBGene00001439	-0.452849037	-3.19E-06	0.17547389
WBGene00016507	-0.487161869	-1.01E-05	-0.005750245
WBGene00021127	-0.525699904	8.88E-06	0.082517301
WBGene00011849	-0.439900153	-6.33E-06	0.131187751
WBGene00001439	-0.374753995	6.32E-06	0.050814343
WBGene00011376	-0.472993686	-3.64E-06	-0.02609509
WBGene00000872	-0.550086135	8.59E-06	0.041214174
WBGene00015400	-0.608378998	4.80E-07	-0.033284946
WBGene00016333	-0.489841009	-1.62E-06	0.047178895
WBGene00017864	-0.398034493	-1.11E-05	-0.014374315
WBGene00022718	-0.462442677	6.45E-06	0.088273432
WBGene00003336	-0.69312255	-6.19E-06	8.94E-05
WBGene00009819	-0.392320028	3.56E-06	0.126094848
WBGene00000982	-0.620379421	-8.21E-06	0.009683632
WBGene00021167	-0.55523781	-6.23E-07	-0.007726692
WBGene00016877	-0.567816955	-5.44E-06	-0.074667324
WBGene00015381	-0.68079117	-2.24E-07	0.016606822
WBGene00007786	-0.489293915	-9.26E-06	0.032508358
WBGene00010699	-0.489293915	-9.26E-06	0.032508358
WBGene00044210	-0.494410744	1.68E-05	-0.037175057
WBGene00220106	-0.387825079	-2.14E-07	0.054036741
WBGene00002101	-0.387825079	-2.14E-07	0.054036741
WBGene00006928	-0.708151504	-1.04E-06	0.064683575
WBGene00009772	-0.469899945	-1.90E-06	0.131009674
WBGene00022814	-0.48338062	2.16E-06	0.085381035
WBGene00011304	-0.563356349	7.64E-07	0.006417597
WBGene00000380	-0.426763944	-5.18E-06	0.000231864
WBGene00006391	-0.527869512	1.19E-05	0.27841363
WBGene00011733	-0.527869512	1.19E-05	0.27841363
WBGene00000115	-0.484930921	-5.75E-06	-0.052500176
WBGene00016970	-0.511203679	-3.17E-06	0.022238676
WBGene00019304	-0.606083954	-7.23E-07	0.022972044
WBGene00016111	-0.583261475	-3.58E-06	-0.018818331
WBGene00016119	-0.583261475	-3.58E-06	-0.018818331
WBGene00006527	-0.57909083	-4.18E-06	0.100597481
WBGene00021239	-0.447550169	8.90E-06	0.001658903
WBGene00007505	-0.523884778	9.38E-06	-0.044954228
WBGene00009050	-0.383262205	2.95E-06	0.018872699
WBGene00009051	-0.383262205	2.95E-06	0.018872699
WBGene00003815	-0.383262205	2.95E-06	0.018872699
WBGene00019304	-0.407319285	2.36E-06	0.04921706
WBGene00015156	-0.687317093	-3.10E-06	0.033646316
WBGene00008334	-0.698772242	-5.24E-06	0.044775429
WBGene00006928	-0.734812067	-3.08E-06	0.031763302
WBGene00009628	-0.675044048	-1.95E-06	-0.002289423
WBGene00022201	-0.497633989	-5.02E-06	4.41E-05
WBGene00021532	-0.470157892	5.93E-06	0.001298144
WBGene00021535	-0.470157892	5.93E-06	0.001298144
WBGene00018986	-0.479321306	-1.46E-06	0.018817769
WBGene00022712	-0.513983125	-5.08E-06	0.00364121
WBGene00009628	-0.537725348	-5.69E-06	0.000207158
WBGene00022673	-0.498307718	4.64E-06	-0.146701724
WBGene00012444	-0.449368385	-8.09E-06	0.06887242
WBGene00021167	-0.587177584	-2.55E-06	-0.035657775
WBGene00019900	-0.307548958	-8.49E-06	0.02377267
WBGene00010115	-0.646765117	6.54E-07	0.012470518
WBGene00010775	-0.646765117	6.54E-07	0.012470518
WBGene00021533	-0.520014254	2.47E-06	-0.041361425
WBGene00003163	-0.500957987	-4.78E-06	0.140146521
WBGene00008339	-0.487534918	-4.31E-06	0.024697108
WBGene00008330	-0.487534918	-4.31E-06	0.024697108
WBGene00018375	-0.64197926	1.10E-06	-0.047589378
WBGene00000247	-0.420243931	-6.00E-06	0.033533821
WBGene00019719	-0.491836912	4.55E-07	0.073822722
WBGene00001439	-0.414219621	2.89E-06	0.160551999
WBGene00018045	-0.542221173	7.22E-06	0.104172812
WBGene00018046	-0.542221173	7.22E-06	0.104172812
WBGene00013732	-0.442602086	-9.73E-06	0.030723118
WBGene00016943	-0.663643144	4.04E-06	-0.033115913
WBGene00014666	-0.491978956	-4.68E-06	-0.54095851
WBGene00020184	-0.535410597	6.26E-06	-0.015356127
WBGene00020191	-0.535410597	6.26E-06	-0.015356127
WBGene00003476	-0.41088874	-4.27E-06	0.071788865
WBGene00003738	-0.514720751	-6.49E-06	0.010481528
WBGene00004862	-0.434344209	-1.47E-06	0.474607119
WBGene00003638	-0.481043728	-1.22E-05	0.033034996
WBGene00000872	-0.510365979	2.39E-06	0.00566532
WBGene00022599	-0.478103297	-2.01E-06	-0.077229617
WBGene00002263	-0.599123636	-2.16E-07	0.695801068
WBGene00016269	-0.536453238	-3.07E-06	-0.007761383
WBGene00012463	-0.469678061	-8.49E-06	0.062778385
WBGene00020910	-0.641044295	-1.47E-06	-0.01008802
WBGene00007030	-0.473593028	-4.65E-06	0.08612647
WBGene00021533	-0.508520218	3.32E-06	0.005940767
WBGene00021535	-0.508520218	3.32E-06	0.005940767
WBGene00044292	-0.67466475	-1.01E-06	0.020171425
WBGene00017488	-0.650141875	-3.98E-06	0.023904022
WBGene00021052	-0.574778831	-2.64E-06	0.033688104
WBGene00007761	-0.50734595	-7.03E-06	0.079682825
WBGene00012735	-0.501363613	-3.49E-06	-0.015897594
WBGene00011146	-0.502430664	-9.69E-06	0.025177947
WBGene00018764	-0.431155154	-5.99E-06	0.026938105
WBGene00003678	-0.500678071	-2.07E-06	-0.008962018
WBGene00008436	-0.490355084	7.83E-07	0.124989564
WBGene00016269	-0.51149423	-4.95E-06	0.117130933
WBGene00015043	-0.412638988	1.26E-05	0.255689949
WBGene00017727	-0.527708003	9.30E-07	-0.03242313
WBGene00017726	-0.527708003	9.30E-07	-0.03242313
WBGene00003163	-0.41910169	4.21E-07	0.148141204
WBGene00019843	-0.41910169	4.21E-07	0.148141204
WBGene00018755	-0.43289209	-8.59E-06	-0.01448324
WBGene00007030	-0.397921866	-6.99E-06	0.052667692
WBGene00013735	-0.397921866	-6.99E-06	0.052667692
WBGene00219860	-0.399111731	-1.39E-05	0.147275042
WBGene00001493	-0.399111731	-1.39E-05	0.147275042
WBGene00005202	-0.399111731	-1.39E-05	0.147275042
WBGene00015776	-0.383507257	-5.75E-06	0.063746375
WBGene00002232	-0.504932529	-5.52E-06	-0.117605068
WBGene00010935	-0.407892274	-6.23E-06	-0.001057804
WBGene00018465	-0.440888559	6.48E-07	0.029826136
WBGene00019890	-0.429002711	-8.40E-06	0.074959206
WBGene00020725	-0.785584289	-4.03E-06	0.029034238
WBGene00016052	-0.582587751	6.05E-06	0.05714137
WBGene00002238	-0.471907985	3.04E-06	0.002906007
WBGene00002183	-0.471907985	3.04E-06	0.002906007
WBGene00003618	-0.500171023	2.01E-07	0.018485225
WBGene00018138	-0.635983921	6.62E-06	-0.009774533
WBGene00077783	-0.707921258	2.41E-06	0.024555784
WBGene00015650	-0.448003234	-6.61E-07	0.126275558
WBGene00017834	-0.496705198	-9.90E-07	0.078011546
WBGene00021079	-0.358874025	-7.38E-06	0.354168488
WBGene00011912	-0.423166022	-1.78E-05	-0.050099962
WBGene00003777	-0.423166022	-1.78E-05	-0.050099962
WBGene00012326	-0.465671022	1.16E-06	0.075529852
WBGene00044611	-0.354448441	4.69E-06	-0.023798644
WBGene00020841	-0.354448441	4.69E-06	-0.023798644
WBGene00012988	-0.544101207	1.17E-06	-0.003386731
WBGene00012989	-0.544101207	1.17E-06	-0.003386731
WBGene00003627	-0.465257319	-6.97E-06	0.049770947
WBGene00002163	-0.508471491	1.23E-05	0.128172657
WBGene00016331	-0.564716307	-2.95E-06	0.055810101
WBGene00016333	-0.564716307	-2.95E-06	0.055810101
WBGene00009221	-0.678392142	4.87E-06	0.08798601
WBGene00019493	-0.63591066	-7.52E-07	-0.06897276
WBGene00006703	-0.470986626	-9.16E-06	-0.034234639
WBGene00000101	-0.470986626	-9.16E-06	-0.034234639
WBGene00006527	-0.456500508	-1.30E-06	0.119625242
WBGene00001121	-0.598849174	2.06E-06	-0.106584755
WBGene00010859	-0.598849174	2.06E-06	-0.106584755
WBGene00007332	-0.351469561	-3.33E-07	0.023592174
WBGene00007330	-0.351469561	-3.33E-07	0.023592174
WBGene00020393	-0.417352145	-1.05E-05	-0.007036233
WBGene00019747	-0.515780398	3.14E-06	-0.009474357
WBGene00019208	-0.589507842	1.54E-06	-0.002440415
WBGene00022423	-0.467819045	6.97E-06	-0.03650384
WBGene00001431	-0.525782078	-8.97E-06	-0.004935895
WBGene00019322	-0.643992861	1.84E-07	0.013407212
WBGene00001056	-0.643992861	1.84E-07	0.013407212
WBGene00002067	-0.593439231	-3.56E-06	0.00894919
WBGene00000216	-0.661322003	-4.14E-06	0.03389817
WBGene00019227	-0.661322003	-4.14E-06	0.03389817
WBGene00022078	-0.38822164	-4.79E-06	0.058588625
WBGene00012747	-0.631486678	-1.67E-06	0.019910764
WBGene00003423	-0.380633593	3.10E-06	0.149709441
WBGene00015650	-0.57801563	8.14E-07	0.084974904
WBGene00017512	-0.399955858	-5.83E-06	-0.077708509
WBGene00011662	-0.425108304	-5.03E-06	0.095217444
WBGene00006434	-0.404209539	3.13E-06	-0.052893569
WBGene00010790	-0.593471615	-3.60E-06	0.519356326
WBGene00010791	-0.593471615	-3.60E-06	0.519356326
WBGene00001748	-0.430645739	-5.32E-06	0.041485553
WBGene00002182	-0.430645739	-5.32E-06	0.041485553
WBGene00004258	-0.413617311	6.05E-06	0.190152354
WBGene00006169	-0.392413003	-1.79E-05	0.206799061
WBGene00011544	-0.392413003	-1.79E-05	0.206799061
WBGene00006941	-0.419551366	1.27E-06	0.049928542
WBGene00006947	-0.495673517	-5.11E-06	0.114775309
WBGene00007883	-0.397299365	6.91E-06	0.231041356
WBGene00012664	-0.51628081	1.61E-06	-0.009688364
WBGene00011615	-0.600822282	-3.36E-06	0.027453559
WBGene00001030	-0.389772826	-9.55E-06	0.003136734
WBGene00008149	-0.462541112	1.36E-06	0.030676521
WBGene00008148	-0.462541112	1.36E-06	0.030676521
WBGene00003970	-0.465430105	-1.01E-05	0.036645502
WBGene00012444	-0.4624711	-5.88E-06	0.06601546
WBGene00001911	-0.403895145	-4.54E-06	0.120788034
WBGene00006928	-0.622970795	1.45E-06	0.005925158
WBGene00008117	-0.524570318	-1.57E-07	-0.044481448
WBGene00018974	-0.425980686	-1.12E-05	-0.043252432
WBGene00021533	-0.493884958	1.67E-06	0.041751284
WBGene00021535	-0.493884958	1.67E-06	0.041751284
WBGene00017979	-0.471573728	-4.74E-06	0.055303773
WBGene00002232	-0.869792906	2.22E-08	0.012627466
WBGene00011511	-0.586122758	9.29E-07	0.023254394
WBGene00003268	-0.445017606	-3.53E-06	0.032025895
WBGene00016331	-0.563093227	-1.91E-06	0.02257721
WBGene00016333	-0.563093227	-1.91E-06	0.02257721
WBGene00022010	-0.354665474	-8.75E-06	0.137138564
WBGene00001439	-0.437298733	7.88E-06	0.161955473
WBGene00015326	-0.468477915	-2.43E-06	-0.017554239
WBGene00020674	-0.843229962	2.37E-07	0.00740619
WBGene00022712	-0.380719656	-1.73E-05	0.012272643
WBGene00010935	-0.531964301	2.47E-07	0.038740696
WBGene00016052	-0.572322381	1.90E-06	0.026976078
WBGene00006727	-0.456572529	6.95E-06	0.106303821
WBGene00017776	-0.456572529	6.95E-06	0.106303821
WBGene00009643	-0.604579086	-1.34E-06	0.011889853
WBGene00001683	-0.472862273	-7.44E-07	-0.008073504
WBGene00020725	-0.623952476	-4.78E-06	0.018192388
WBGene00016269	-0.44811795	-5.11E-06	0.022823709
WBGene00011140	-0.499499395	-3.79E-06	-0.071874496
WBGene00012217	-0.499499395	-3.79E-06	-0.071874496
WBGene00044134	-0.412594374	-2.95E-06	-0.39515296
WBGene00003450	-0.456894298	-4.53E-06	0.082950851
WBGene00044484	-0.456894298	-4.53E-06	0.082950851
WBGene00017838	-0.389175596	-7.24E-06	0.291306823
WBGene00003182	-0.487882309	-4.99E-06	0.060288856
WBGene00008412	-0.372480392	5.24E-07	-0.009590582
WBGene00007331	-0.476370893	5.22E-06	-0.020010704
WBGene00016877	-0.524529737	-2.25E-06	-0.010501311
WBGene00018488	-0.421605918	-3.24E-06	0.096971532
WBGene00006941	-0.42391222	-4.88E-06	0.009524987
WBGene00011304	-0.38257893	-7.17E-06	0.079800532
WBGene00023237	-0.570807722	6.84E-06	0.019206022
WBGene00012712	-0.548245273	3.49E-06	0.010994844
WBGene00023015	-0.359941125	-3.90E-06	0.014162695
WBGene00006699	-0.500134682	-1.59E-06	0.166361129
WBGene00011102	-0.689896084	-5.31E-06	0.075258487
WBGene00016144	-0.37666451	-8.83E-06	-0.278991091
WBGene00020910	-0.378530709	-9.26E-06	0.114280677
WBGene00020911	-0.378530709	-9.26E-06	0.114280677
WBGene00019963	-0.41044912	-2.78E-06	-0.030563229
WBGene00019961	-0.41044912	-2.78E-06	-0.030563229
WBGene00006927	-0.555211382	-4.61E-06	0.39913031
WBGene00019885	-0.499839931	6.02E-06	0.052846953
WBGene00016406	-0.423790643	-4.54E-06	0.039219794
WBGene00006928	-0.609854136	1.65E-06	0.033025246
WBGene00011662	-0.390995167	-6.37E-06	0.070801153
WBGene00003828	-0.466299392	-8.08E-06	0.014223314
WBGene00195209	-0.466299392	-8.08E-06	0.014223314
WBGene00235350	-0.395558831	-3.74E-06	0.039779082
WBGene00011868	-0.525143387	-4.20E-06	-0.023135647
WBGene00004063	-0.39472375	1.79E-05	0.048995611
WBGene00000228	-0.350513318	-1.12E-05	0.339348584
WBGene00019747	-0.42707907	2.85E-06	-0.091415246
WBGene00017016	-0.480246568	-5.88E-06	-0.006968062
WBGene00004336	-0.405028721	-1.17E-06	0.075739454
WBGene00003262	-0.369037657	-7.33E-06	0.141025365
WBGene00004336	-0.355831256	-6.78E-06	0.072365625
WBGene00019612	-0.371194719	2.16E-06	0.304104442
WBGene00020950	-0.428391113	-1.25E-06	0.042234748
WBGene00020951	-0.428391113	-1.25E-06	0.042234748
WBGene00004169	-0.437901002	-1.20E-06	0.226381702
WBGene00001433	-0.627379918	-2.17E-06	0.031234702
WBGene00016331	-0.511391885	-6.76E-06	0.023330007
WBGene00016333	-0.511391885	-6.76E-06	0.023330007
WBGene00019719	-0.476342451	6.70E-07	0.148407948
WBGene00016866	-0.346954791	-8.03E-06	0.139580422
WBGene00019654	-0.524030722	-9.28E-07	0.034007209
WBGene00006833	-0.468673438	-5.01E-06	-0.043424866
WBGene00001564	-0.502450897	1.98E-06	0.021237211
WBGene00008446	-0.422599576	-2.04E-06	0.203823794
WBGene00010317	-0.443763841	-4.28E-06	0.053548843
WBGene00016407	-0.396643701	4.89E-06	0.059571815
WBGene00006927	-0.565105413	-5.57E-06	0.076784239
WBGene00016997	-0.386369988	1.18E-07	0.018162603
WBGene00000988	-0.392847567	-5.72E-06	-0.076089808
WBGene00016998	-0.392847567	-5.72E-06	-0.076089808
WBGene00206384	-0.392847567	-5.72E-06	-0.076089808
WBGene00219285	-0.429595818	7.31E-07	-0.023368531
WBGene00206479	-0.360030088	-4.71E-06	0.152560839
WBGene00019657	-0.348302692	-9.14E-07	0.005835529
WBGene00009895	-0.572784344	2.04E-06	0.016950106
WBGene00012230	-0.441509983	-9.59E-06	-0.060748565
WBGene00016331	-0.533240696	-3.08E-06	-0.015680221
WBGene00016333	-0.533240696	-3.08E-06	-0.015680221
WBGene00001537	-0.425470823	1.68E-07	0.194839191
WBGene00017295	-0.491591998	-1.54E-06	0.070480808
WBGene00023000	-0.459162456	-7.55E-06	0.043751072
WBGene00011622	-0.53867692	1.56E-06	0.004521025
WBGene00003474	-0.53867692	1.56E-06	0.004521025
WBGene00002263	-0.452726926	3.57E-06	0.387721861
WBGene00022202	-0.457224264	-4.44E-06	0.062066447
WBGene00019304	-0.316317917	6.19E-07	0.003123128
WBGene00011104	-0.45653862	2.53E-06	0.050876465
WBGene00004751	-0.326960394	4.52E-06	0.069357648
WBGene00006927	-0.604520656	-2.32E-06	0.06311095
WBGene00019550	-0.503060506	5.59E-06	0.036821427
WBGene00022307	-0.353163647	1.59E-06	0.104778563
WBGene00000231	-0.35646877	-6.28E-06	-0.070887767
WBGene00021876	-0.446356433	-7.69E-06	0.004537698
WBGene00010658	-0.53483026	-1.47E-06	-0.034745866
WBGene00003651	-0.453640568	-8.02E-06	-0.005209068
WBGene00006890	-0.482753329	1.24E-06	0.007653907
WBGene00007296	-0.357341725	-3.06E-06	-0.092628028
WBGene00000557	-0.52319255	-3.13E-06	-0.012446115
WBGene00003620	-0.357430824	1.53E-06	0.246794538
WBGene00015248	-0.461796758	-6.24E-07	-0.004467869
WBGene00008748	-0.39163731	-2.83E-06	0.054420305
WBGene00006927	-0.589398471	-3.78E-06	0.064445042
WBGene00013871	-0.512400225	-2.78E-06	0.017673099
WBGene00006923	-0.411793602	6.14E-06	0.074620887
WBGene00021078	-0.478803364	1.34E-06	0.026435121
WBGene00004336	-0.374608233	-3.14E-06	0.051272594
WBGene00019211	-0.348092629	-8.29E-06	0.087271639
WBGene00016111	-0.455831129	-4.33E-06	0.018486017
WBGene00006527	-0.536760885	-1.83E-06	0.084394714
WBGene00006923	-0.467019964	1.03E-06	-0.003381716
WBGene00020648	-0.567866745	4.26E-06	0.046667614
WBGene00000872	-0.467894073	4.90E-07	-0.000170201
WBGene00012616	-0.452281682	1.92E-07	-0.099611293
WBGene00018971	-0.594196691	-2.29E-06	0.014041458
WBGene00006941	-0.438733862	-6.85E-06	0.092835369
WBGene00019211	-0.499889998	-5.26E-07	0.056104137
WBGene00008149	-0.354521163	-1.02E-05	0.029850942
WBGene00003163	-0.514965039	-1.28E-06	0.057632496
WBGene00000898	-0.370374076	3.05E-06	-0.101829912
WBGene00003883	-0.586558866	-5.26E-07	0.026854043
WBGene00219308	0.179326922	1.08E-05	0.876803677
WBGene00014547	0.179326922	1.08E-05	0.876803677
WBGene00014546	-0.060147492	7.60E-06	0.806678851
WBGene00023105	0.089035851	4.49E-06	0.753442669
WBGene00023034	-0.114354646	5.15E-06	0.715815046
WBGene00012530	0.112107458	-7.45E-06	0.807541083
WBGene00022995	-0.048259473	1.89E-06	0.452739491
WBGene00017559	-0.048259473	1.89E-06	0.452739491
WBGene00022900	0.221612424	8.97E-06	0.803248421
WBGene00017378	-0.043920666	1.45E-05	0.646972042
WBGene00003775	-0.074510921	-5.37E-06	0.687514953
WBGene00008832	-0.074510921	-5.37E-06	0.687514953
WBGene00014271	0.024343099	1.13E-05	0.743929398
WBGene00007813	0.024343099	1.13E-05	0.743929398
WBGene00206389	0.024343099	1.13E-05	0.743929398
WBGene00020954	-0.285888736	-1.07E-05	0.572850101
WBGene00014548	0.11598912	1.46E-05	0.708982386
WBGene00009803	0.043922815	-1.53E-06	0.462438321
WBGene00022826	0.079535666	1.44E-05	0.50269277
WBGene00001475	0.189624729	1.34E-06	0.749365772
WBGene00014368	0.118792316	7.17E-06	0.572394747
WBGene00077707	0.118792316	7.17E-06	0.572394747
WBGene00009552	0.118792316	7.17E-06	0.572394747
WBGene00009786	0.118792316	7.17E-06	0.572394747
WBGene00010357	0.118792316	7.17E-06	0.572394747
WBGene00004108	-0.168540027	1.16E-05	0.658624779
WBGene00008515	-0.138167113	3.52E-06	0.675921551
WBGene00014480	0.108515769	9.69E-06	0.592901578
WBGene00006684	-0.233096742	-1.58E-05	0.451229589
WBGene00014609	-0.109655682	1.06E-05	0.494750984
WBGene00014610	-0.109655682	1.06E-05	0.494750984
WBGene00008849	0.110922956	1.12E-05	0.849465358
WBGene00014627	0.009496491	7.27E-06	0.555671746
WBGene00014629	0.009496491	7.27E-06	0.555671746
WBGene00014070	0.009496491	7.27E-06	0.555671746
WBGene00195210	0.009496491	7.27E-06	0.555671746
WBGene00017580	-0.085670949	6.70E-06	0.684955521
WBGene00017965	-0.091800304	2.22E-06	0.638090715
WBGene00077704	-0.037211728	-1.34E-06	0.864486757
WBGene00017195	0.086535967	5.77E-06	0.520898926
WBGene00006894	0.007109982	3.12E-06	0.656684545
WBGene00023108	0.121192932	-3.54E-06	0.464919806
WBGene00021068	-0.051880845	1.09E-06	0.480028732
WBGene00004108	-0.169449354	1.00E-05	0.613075149
WBGene00007929	-0.028212149	1.74E-07	0.795854273
WBGene00007553	-0.112637614	1.61E-07	0.604218518
WBGene00003423	-0.302175099	7.31E-06	0.618741403
WBGene00219362	0.06796238	3.44E-06	0.772235449
WBGene00012420	0.040513384	7.91E-06	0.335398124
WBGene00003151	-0.105190077	-3.48E-06	0.617286814
WBGene00010005	0.023138106	5.09E-07	0.573004521
WBGene00010397	-0.3895078	-2.48E-06	0.774594775
WBGene00219362	-0.035573737	6.48E-07	0.749039141
WBGene00004108	-0.124784568	1.61E-05	0.4800243
WBGene00001590	0.08023658	-6.39E-06	0.479098625
WBGene00006407	0.08023658	-6.39E-06	0.479098625
WBGene00009221	-0.494210803	1.01E-05	0.722614246
WBGene00012017	0.032161387	-4.48E-06	-1.037983647
WBGene00000067	0.032161387	-4.48E-06	-1.037983647
WBGene00007685	0.014983646	-1.19E-06	-1.111706567
WBGene00017447	0.097250047	4.26E-06	-0.982391741
WBGene00022112	-0.01960854	-1.22E-05	-0.849181521
WBGene00000199	-0.01960854	-1.22E-05	-0.849181521
WBGene00022118	-0.01960854	-1.22E-05	-0.849181521
WBGene00006495	-0.207176138	-4.14E-06	-0.926684212
WBGene00017948	-0.207176138	-4.14E-06	-0.926684212
WBGene00009554	-0.132366539	3.13E-06	-0.660989083
WBGene00000237	0.069576974	-1.38E-07	-0.747099112
WBGene00012554	0.090587374	2.90E-06	-0.684580069
WBGene00008601	-0.070075713	-6.42E-06	-0.71266477
WBGene00010605	-0.04615959	-3.72E-06	-0.822780519
WBGene00008194	-0.001124061	3.34E-06	-0.822605821
WBGene00002138	-0.004898686	3.64E-06	-0.891257118
WBGene00012910	0.182885845	-8.93E-06	-0.63492791
WBGene00000565	0.128638691	-1.02E-05	-0.654295298
WBGene00013136	0.050473893	1.42E-06	-0.585578091
WBGene00001489	-0.01603965	-3.15E-06	-0.596786465
WBGene00001145	-0.003885297	-5.35E-06	-0.4610178
WBGene00007620	-0.003885297	-5.35E-06	-0.4610178
WBGene00003577	-0.1025231	-1.68E-06	-0.761837313
WBGene00012368	-0.027558535	-1.88E-06	-0.699171606
WBGene00012369	-0.027558535	-1.88E-06	-0.699171606
WBGene00006439	-0.134104263	-2.89E-07	-0.526463326
WBGene00008348	0.017397398	8.77E-06	-0.668287441
WBGene00206418	0.170503317	-1.53E-06	-0.641857324
WBGene00010851	0.170503317	-1.53E-06	-0.641857324
WBGene00003980	-0.024280902	-4.26E-06	-0.632729447
WBGene00020245	0.109501145	9.13E-07	-0.511815177
WBGene00020245	-0.271463145	-1.49E-05	-0.624290985
WBGene00021320	0.002351167	-4.00E-06	-0.530418499
WBGene00003615	0.04309428	-2.59E-06	-0.640427507
WBGene00007047	0.043115329	-6.23E-06	-0.475467348
WBGene00006439	-0.168819106	-5.29E-06	-0.496516318
WBGene00000376	0.136964197	-2.71E-06	-0.465052214
WBGene00012943	0.257700878	-6.34E-06	-0.5245752
WBGene00001193	0.002396128	-1.66E-06	-0.612808795
WBGene00020662	0.088975476	-5.75E-07	-0.575247891
WBGene00011755	-0.149923223	-1.44E-07	-0.50827589
WBGene00015793	0.058537927	2.09E-06	-0.867731805
WBGene00001177	0.305178641	-6.35E-06	-0.63170568
WBGene00017447	0.143123108	4.19E-06	-0.6692676
WBGene00015082	0.071127033	4.18E-06	-0.74115534
WBGene00015084	0.071127033	4.18E-06	-0.74115534
WBGene00271715	0.071127033	4.18E-06	-0.74115534
WBGene00000650	0.340881114	-5.83E-06	-0.611566786
WBGene00022880	0.340881114	-5.83E-06	-0.611566786
WBGene00022881	0.340881114	-5.83E-06	-0.611566786
WBGene00021348	-0.037570603	-4.32E-06	-0.54305727
WBGene00019726	-0.100310763	-1.20E-06	-0.386268719
WBGene00002235	-0.061299248	-6.17E-07	-0.569517044
WBGene00016889	0.027730704	3.36E-07	-0.613792425
WBGene00016890	0.027730704	3.36E-07	-0.613792425
WBGene00000289	-0.004137985	1.33E-06	-0.626543503
WBGene00016222	-0.012977053	-7.93E-07	-0.42869521
WBGene00015082	-0.015744873	2.33E-06	-0.866517942
WBGene00015084	-0.015744873	2.33E-06	-0.866517942
WBGene00003243	-0.059556236	-1.26E-05	-0.474565853
WBGene00023404	0.067671597	-4.90E-06	-0.407219507
WBGene00002251	-0.028362872	-8.49E-07	-0.54617569
WBGene00010901	0.007914424	1.89E-06	-0.74637128
WBGene00002915	0.050362379	-1.20E-05	-0.524869604
WBGene00000381	-0.273046329	-1.37E-05	-0.60234356
WBGene00003630	0.141512769	-2.10E-05	-0.308600022
